/*--------------------------------*- C++ -*----------------------------------*\
  =========                 |
  \\      /  F ield         | OpenFOAM: The Open Source CFD Toolbox
   \\    /   O peration     | Website:  https://openfoam.org
    \\  /    A nd           | Version:  7
     \\/     M anipulation  |
\*---------------------------------------------------------------------------*/
FoamFile
{
    version     2.0;
    format      ascii;
    class       vectorField;
    location    "constant/polyMesh";
    object      points;
}
// * * * * * * * * * * * * * * * * * * * * * * * * * * * * * * * * * * * * * //


124
(
(-20 -50 0)
(330 -50 0)
(-20 230 0)
(330 230 0)
(-20 -50 4.666666667)
(330 -50 4.666666667)
(-20 230 4.666666667)
(330 230 4.666666667)
(-20 -50 9.333333333)
(330 -50 9.333333333)
(-20 230 9.333333333)
(330 230 9.333333333)
(-20 -50 14)
(330 -50 14)
(-20 230 14)
(330 230 14)
(-20 -50 18.66666667)
(330 -50 18.66666667)
(-20 230 18.66666667)
(330 230 18.66666667)
(-20 -50 23.33333333)
(330 -50 23.33333333)
(-20 230 23.33333333)
(330 230 23.33333333)
(-20 -50 28)
(330 -50 28)
(-20 230 28)
(330 230 28)
(-20 -50 32.66666667)
(330 -50 32.66666667)
(-20 230 32.66666667)
(330 230 32.66666667)
(-20 -50 37.33333333)
(330 -50 37.33333333)
(-20 230 37.33333333)
(330 230 37.33333333)
(-20 -50 42)
(330 -50 42)
(-20 230 42)
(330 230 42)
(-20 -50 46.66666667)
(330 -50 46.66666667)
(-20 230 46.66666667)
(330 230 46.66666667)
(-20 -50 51.33333333)
(330 -50 51.33333333)
(-20 230 51.33333333)
(330 230 51.33333333)
(-20 -50 56)
(330 -50 56)
(-20 230 56)
(330 230 56)
(-20 -50 60.66666667)
(330 -50 60.66666667)
(-20 230 60.66666667)
(330 230 60.66666667)
(-20 -50 65.33333333)
(330 -50 65.33333333)
(-20 230 65.33333333)
(330 230 65.33333333)
(-20 -50 70)
(330 -50 70)
(-20 230 70)
(330 230 70)
(-20 -50 74.66666667)
(330 -50 74.66666667)
(-20 230 74.66666667)
(330 230 74.66666667)
(-20 -50 79.33333333)
(330 -50 79.33333333)
(-20 230 79.33333333)
(330 230 79.33333333)
(-20 -50 84)
(330 -50 84)
(-20 230 84)
(330 230 84)
(-20 -50 88.66666667)
(330 -50 88.66666667)
(-20 230 88.66666667)
(330 230 88.66666667)
(-20 -50 93.33333333)
(330 -50 93.33333333)
(-20 230 93.33333333)
(330 230 93.33333333)
(-20 -50 98)
(330 -50 98)
(-20 230 98)
(330 230 98)
(-20 -50 102.6666667)
(330 -50 102.6666667)
(-20 230 102.6666667)
(330 230 102.6666667)
(-20 -50 107.3333333)
(330 -50 107.3333333)
(-20 230 107.3333333)
(330 230 107.3333333)
(-20 -50 112)
(330 -50 112)
(-20 230 112)
(330 230 112)
(-20 -50 116.6666667)
(330 -50 116.6666667)
(-20 230 116.6666667)
(330 230 116.6666667)
(-20 -50 121.3333333)
(330 -50 121.3333333)
(-20 230 121.3333333)
(330 230 121.3333333)
(-20 -50 126)
(330 -50 126)
(-20 230 126)
(330 230 126)
(-20 -50 130.6666667)
(330 -50 130.6666667)
(-20 230 130.6666667)
(330 230 130.6666667)
(-20 -50 135.3333333)
(330 -50 135.3333333)
(-20 230 135.3333333)
(330 230 135.3333333)
(-20 -50 140)
(330 -50 140)
(-20 230 140)
(330 230 140)
)


// ************************************************************************* //
